my_color=c("#de2d26","#3182bd","#fc9272","#e5f5e0","#a1d99b","#31a354")
myCol <- c("#CC0C00FF","#5C88DAFF","#84BD00FF")